      68      18
     205      74
     175      96
     190      85
     156      98
     262     150
     354     149
     355     158
     351     169
     376     182
     370     173
     414     178
     423     211
     370     173
     364     165
     425     198
     371     172
     368     151
     379     161
     363     152
     384     157
     344     125
     394     154
     401     183
     435     187
     407     164
     429     208
     400     181
     412     192
     407     178
     391     182
     424     185
     437     210
     433     241
     420     179
     419     177
     418     172
     433     188
     443     177
     460     178
     546     223
     490     191
     475     167
     484     183
     485     176
     488     192
     482     181
     519     216
     544     224
     536     213
     515     195
     510     186
     532     224
     552     211
     522     196
     568     214
     593     227
     567     194
     544     199
     512     193
     579     192
     604     212
     573     233
     616     226
     622     223
     634     237
     623     219
     661     220
     694     220
     684     225
     610     197
     631     213
     668     230
     659     206
     662     201
     638     200
     703     200
     683     184
     661     214
     642     194
     638     228
     666     208
     668     208
     697     214
     709     195
     709     218
     682     205
     702     191
     771     210
     740     209
     702     207
     720     204
     704     213
     402     148
     376     127
      80      70
