  1.004808
   .996711
  1.002168
  1.004040
  1.000211
   .998805
  1.001679
  1.005641
   .995779
   .995858
   .992680
  1.001540
  1.002236
  1.001104
   .997763
   .993863
   .996432
  1.008019
   .998437
  1.001868
   .995640
  1.005404
  1.004411
   .995807
   .999117
   .995281
  1.000732
   .992020
  1.001119
  1.000031
   .995278
   .997779
  1.001855
   .994671
  1.003532
   .995770
   .998106
   .998590
   .995828
   .993604
  1.006129
  1.000847
  1.003052
   .991089
   .995022
  1.001166
  1.009182
   .998873
   .993862
   .997197
   .997836
  1.004579
   .994758
  1.005765
   .998412
   .997880
  1.002422
   .998065
   .991133
   .997981
   .999271
  1.001628
  1.004953
   .997273
  1.006487
   .999390
  1.007473
   .995641
   .996012
   .998992
  1.002310
   .995887
  1.002158
  1.005559
  1.000828
  1.004549
   .994701
   .996565
  1.002332
   .999308
  1.003778
   .999046
  1.001268
  1.001877
  1.001211
  1.000095
  1.007337
   .997276
  1.001853
  1.006157
  1.001951
   .993137
  1.010948
  1.003193
  1.005663
  1.006154
